SRR13258790.65828	CP135021.1	236	235	1	235	1.71e-113	424	1470492
SRR13258790.221063	CP135021.1	315	314	1	314	1.35e-155	564	1470492
SRR13258790.108178	CP135018.1	264	264	1	264	1.15e-130	481	1470492
SRR13258790.251084	CP135018.1	261	261	1	261	3.15e-131	483	1470492
SRR13258790.203221	CP135021.1	203	203	1	203	8.82e-96	364	1470492
SRR13258790.307868	CP135018.1	228	228	1	228	2.15e-107	403	1470492
SRR13258790.93106	CP135021.1	374	372	1	372	0.0	660	1470492
SRR13258790.696383	CP135021.1	335	334	1	334	2.38e-168	606	1470492
SRR13258790.775485	OZ413324.1	157	204	18	167	2.72e-26	134	3350012
SRR13258790.784054	OZ389821.1	242	242	1	242	1.11e-80	315	994498
SRR13258790.784054	OZ389821.1	242	242	1	242	1.11e-80	315	994498
SRR13258790.509457	CP135021.1	313	312	1	312	3.73e-156	566	1470492
SRR13258790.258022	CP135018.1	254	253	1	253	3.96e-125	462	1470492
SRR13258790.614432	CP135021.1	234	236	3	236	4.78e-114	425	1470492
SRR13258790.206492	OU899034.1	210	208	1	208	1.53e-88	340	80765
SRR13258790.59178	CP135018.1	321	319	1	319	1.79e-149	544	1470492
SRR13258790.630978	CP135021.1	241	241	1	241	8.15e-117	435	1470492
SRR13258790.545266	CP135021.1	267	267	1	267	1.49e-134	494	1470492
SRR13258790.424341	CP135021.1	306	305	1	305	6.13e-149	542	1470492
SRR13258790.578521	CP135021.1	230	230	1	230	4.64e-114	425	1470492
SRR13258790.315302	CP135021.1	348	346	1	346	1.91e-169	610	1470492
